sma intens int_err eps ellip_err pa pa_err x0 x0_err y0 y0_err rms pix_stddev grad grad_error grad_r_error sarea ndata nflag niter valid stop_code tflux_e tflux_c npix_e npix_c a3 b3 a4 b4 a3_err b3_err a4_err b4_err
1.8279516936862639 2647.84751651247 99.7969873098204 0.10499832949860335 5.301017208095856 140.34282242982292 562.5587822344248 1184.5269712494032 5.972940064577696 1383.4688448584536 7.096518677048419 244.45169677606802 345.7069049258308 -53.443437311303356 273.3510987614876 5.114773908894395 2.0 6 8 1 True 1 11296.303 11296.303 4 4 1.8125388562227527 1.3131488643304303 0.28809889326086874 2.2311004335406026 9.575158083078685 6.878832681965859 2.1557660373896694 11.519906767116392
1.9741878291811652 2606.183956553859 92.16142876543391 0.10499832949860335 3.2092557470673877 140.34282242982292 340.5752384490682 1184.5269712494032 3.9053234457421446 1383.4688448584536 4.639959625545759 225.74847444117287 319.2565542397427 -73.22037892672635 233.86328782159717 3.1939644570213246 2.0 6 8 1 True 1 11296.303 11296.303 4 4 1.1288861534359265 0.8261413752002313 0.1654363569536712 1.3937819728203609 3.90193394262503 2.7961581125910198 1.1158306250189993 4.559237547031135
2.1321228555156586 2567.8972909401277 85.15057840655187 0.10499832949860335 1.2931351735351209 140.34282242982292 124.70863222281658 1184.5269712494032 1.6293423188118166 1383.4688448584536 1.9380572856734348 208.57546839890358 294.97025618805037 -109.17279558508984 200.0647642407545 1.832551444419347 2.0 6 8 1 True 1 13992.6 16553.227 5 6 0.7267905832964072 0.570950679710698 -0.13614481156198366 0.8219802455673778 1.5399174715933 1.1448577657537093 0.6480491943271686 1.60981888874947
2.3026926839569115 2534.255402874951 57.92915322086455 0.10499832949860335 2.5475580246375293 140.34282242982292 333.2982280659051 1184.5269712494032 3.638417086606096 1383.4688448584536 4.302746553976038 163.84838828347142 231.71661288345823 -32.1979258981496 252.50536406762356 7.842286638784238 2.0 8 7 1 True 1 16683.99 19244.617 6 7 0.688155429448012 1.5881120455350355 0.3457382971431904 1.279956172196145 5.5380219940464706 12.501234114013078 3.01738296565473 10.111756689150678
2.4869080986734646 2493.369179671947 46.374441417709704 0.10499832949860335 2.714692955765071 140.34282242982292 346.21998235910723 1184.5269712494032 4.6042808605246215 1383.4688448584536 5.45905695743784 139.1233242531291 196.75009200120496 -75.41070400881412 188.7812901147709 2.5033752515121175 2.0 9 7 1 True 1 19244.617 19244.617 7 7 0.23309484949771475 0.34259595675373394 0.0693098978865145 0.33356839278399597 0.7364069590450293 0.9327033163996654 0.47997715196206703 0.9176607480395578
2.685860746567342 2447.59832245759 33.508013637914374 0.10499832949860335 0.45830034207709786 140.34282242982292 115.01548509951668 1184.5269712494032 0.7458523849917724 1383.4688448584536 0.8350643562728248 111.13350870707364 157.166515247652 -137.49239298011423 126.5153236796344 0.9201623518032197 2.0 11 6 1 True 1 26874.012 36773.227 10 14 0.03831711764658709 0.16998734451321731 0.04302947346518863 0.1474764380987844 0.1494765975932794 0.20342028472924947 0.16244727451519986 0.1867894249298304
2.90072960629273 2401.4562199579345 22.86137711768109 0.10499832949860335 0.1828165718555455 140.34282242982292 36.36959899499359 1184.5269712494032 0.24875229363530207 1383.4688448584536 0.2750814337584675 85.53944056419621 120.97103696369356 -187.80962943756353 80.63996432524864 0.42937076531561463 2.0 14 4 1 True 1 39222.84 41637.7 15 16 -0.009393110598064977 0.07893782496573959 -0.001408464146529485 0.08366620790944343 0.0626339379854209 0.07224678035603008 0.06377336044001203 0.06991544024777042
3.1327879747961487 2342.6863197966136 18.53759513997893 0.10499832949860335 0.15124295011437386 140.34282242982292 28.34713638592325 1184.5269712494032 0.22969799016288847 1383.4688448584536 0.25863729887954146 69.36132978852687 98.09173329116767 -189.48407947979564 60.18511524614569 0.3176262375782506 2.0 14 5 1 True 1 46454.297 53446.78 18 21 0.008355001507307789 0.06493552653638156 -0.009107597586568051 0.06964408535454521 0.04527398402282479 0.05136372180664366 0.04481623395650109 0.051066315231134383
3.383411012779841 2286.522340123996 12.472422782881392 0.10499832949860335 0.08314960577137534 140.34282242982292 16.13298964006288 1184.5269712494032 0.13350395861898476 1383.4688448584536 0.14902557004450717 49.88969113152557 70.55467782080818 -199.32060852028613 38.0957747011259 0.1911281276127985 2.0 16 5 1 True 1 53446.78 53446.78 21 21 0.007638042394642153 0.03204987801301669 -0.007288770168967127 0.04325202761820008 0.02756095819672519 0.028654066393509463 0.02687733596839717 0.027172968611219758
3.6540838938022286 2226.8945835331724 8.28517503502733 0.10499832949860335 0.0370897886716859 140.34282242982292 10.833822031382443 1184.5269712494032 0.07362869105183865 1383.4688448584536 0.07675078661829995 34.16065179614818 48.31045706961759 -180.73226116169204 24.16863397050879 0.13372617492394637 2.0 17 5 1 True 1 60202.527 80040.97 24 33 0.01856045514552313 0.02031341956503272 -0.011725159843444482 0.02317463531370621 0.017760895652286092 0.019204492397194312 0.018262501597394343 0.019116508600787577
3.9464106053064074 2170.339019006579 4.390323859873626 0.10499832949860335 0.017988514879136126 140.34282242982292 4.895205068029118 1184.5269712494032 0.03630427782970077 1383.4688448584536 0.03707303568223326 20.118991413241588 28.452550517874098 -171.56786542854564 12.710084206921179 0.07408196269839737 2.0 21 3 1 True 1 86663.445 97296.11 36 41 0.0141129441990478 0.0057640992348397604 -0.010985078622745049 0.013830683716456623 0.009189486005990627 0.009426347966932945 0.009554968081939926 0.008554282536724498
4.26212345373092 2116.704162320259 2.601667798426347 0.10499832949860335 0.010555225252013611 140.34282242982292 3.0511837541385547 1184.5269712494032 0.023821724643381715 1383.4688448584536 0.023734083652598874 13.008338992131737 18.39656942661946 -164.70634745094586 8.773118187863384 0.05326521001551724 2.0 25 1 10 True 0 97296.11 101487.97 41 43 0.01782506236562595 0.001266777234717156 -0.009253416835341885 0.010003094819177064 0.004282536065015007 0.004111549109100284 0.0049795825038362355 0.004689691271405542
4.603093330029394 2062.0431144397044 2.269755046167378 0.10915046052269042 0.010174237979500164 136.6930869740354 2.787152111054068 1184.5299440754827 0.02453303853824901 1383.523598295027 0.024487299443307266 11.793993182093224 16.679225112652055 -137.08019377803726 7.577152002706966 0.05527532310740696 2.0 27 1 10 True 0 105676.3 130053.72 45 57 0.019161901039487075 -0.0002280682673144209 -0.0026618894265141775 0.010476841499161808 0.00406543815694284 0.0037377351142784407 0.004977000284750107 0.00492336839945364
4.971340796431747 2010.7093385971189 2.4769792325050926 0.11019418149985187 0.012232253370802325 136.45035301302758 3.4246687411593064 1184.531190601594 0.03259338819264761 1383.5742607658208 0.03247725894296616 13.566974001148727 19.186598632787707 -111.5082231211141 6.781747175522719 0.06081835927164545 2.0 30 0 10 True 0 138207.22 149995.06 61 67 0.021368376955995853 -0.0003032929537005146 0.00468522720335467 0.005498330931167896 0.005479750987762836 0.0052221587068693506 0.006586579956996026 0.00646027321457187
5.369048060146287 1967.4844210740553 2.2016932396927325 0.11616096294637192 0.011959040911619269 138.4695997815201 3.1620489009781854 1184.5490719227078 0.03454176595201746 1383.6134571327575 0.034195578812502445 12.45465775903448 17.613545917541863 -92.94753566888268 5.49126136319842 0.059079149583487076 2.0 32 0 10 True 0 156008.94 169499.66 70 77 0.01790342619389793 -0.0028898328621080097 0.0036885014082976494 0.008032936538362328 0.005759893232175136 0.005606549968376287 0.006381905965035165 0.006328967605822588
5.798571904957991 1928.5367772646823 1.7548169580085593 0.12205138445238418 0.010923638303701999 138.6754978350633 2.793519615294578 1184.5678487302546 0.03437450988929105 1383.6390166500653 0.03404642776913167 10.381637128314805 14.68185202649887 -73.63522275989371 4.72580892170788 0.06417864636761644 2.0 35 0 10 True 0 173451.05 205966.6 79 96 0.009696159314327353 -0.008392853272427645 0.005453714845850468 0.003288438830698822 0.005751136615089025 0.005604476208445994 0.006059463323296049 0.005909647055856321
6.262457657354631 1898.5718008913957 1.9451354544469448 0.1357375937988769 0.012670601707672667 135.1760029910066 2.9042466559291524 1184.5782720041905 0.043033819353538096 1383.7185566301112 0.04300800567350834 11.831797058664474 16.732687867609396 -64.1294197110054 5.2261144248792455 0.08149324363810484 2.0 37 0 10 True 0 207862.69 230294.27 97 109 0.012682834568503127 -0.016409716138004377 0.012935314923271992 0.0002260873808493811 0.006320919147968569 0.006298809942797983 0.006923605475174827 0.00675356228036348
6.763454269943002 1873.1170278934528 1.8161533607855573 0.15729826974947278 0.011677991183191043 129.93294584565018 2.3140685653133417 1184.6089926111724 0.04274120551865065 1383.756517196717 0.04370359587736108 11.34187410289033 16.039832179035685 -58.67625695094356 4.492614336802842 0.07656613714400536 2.0 39 0 10 True 0 234271.42 272836.25 111 132 0.006404670783745562 -0.019767811628867617 0.018524008476297215 -0.009444198984961372 0.005802198781167665 0.005966137195675561 0.005953540334806915 0.005817683871527509
7.304530611538443 1848.5384400176222 2.1020967984447934 0.18127411865160312 0.014070658873099733 127.85330393938557 2.4782185979967846 1184.6706139889238 0.05641432157764549 1383.7685661156129 0.05835512179789844 13.623144273674038 19.266035393995192 -50.23009967869635 4.169409839267619 0.08300620277359223 2.0 42 0 10 True 0 264023.75 316525.12 127 156 0.0005665445124131995 -0.022018302991743316 0.016303318752552958 -0.025982245614974787 0.007676489021366838 0.007786998185859613 0.006998623184023401 0.007107915226887707
7.888893060461519 1824.467161438085 1.9176946351858442 0.2011770335424274 0.0148201540173011 129.55275721817898 2.387502258610546 1184.7609810490314 0.06532045887918733 1383.8055435276435 0.06721197863004763 12.864286693086623 18.192848711618836 -38.754428348396445 4.0038770492924085 0.10331405261092126 2.0 45 0 50 True 2 302469.38 368537.25 148 185 0.0054563727535146276 -0.0265497184079338 0.0032748157654243324 -0.035543224439416064 0.008255110145001162 0.008538643594553492 0.007389209005555932 0.00813011047301898
8.520004505298441 1809.282375835484 1.7476068865324044 0.23753883309199636 0.013981604185160692 133.62358081282596 1.9346082480364066 1184.749439484297 0.06881592859750821 1383.8550841651695 0.06945467074814243 11.980989191348423 16.9436774050504 -33.357668068525044 3.5023677073466644 0.10499438090672045 2.0 47 0 10 True 0 327929.62 426977.5 162 218 0.009268726401047624 -0.0190436757377869 -0.005539662463453531 -0.029459867010699577 0.00850007146988819 0.008589414739520459 0.007818249422787669 0.0083154193239903
9.201604865722318 1795.1078633662585 2.0400977794848876 0.26934947056034936 0.018741640653893516 133.62358081282596 2.344066141408619 1184.6697980945346 0.10223254929681261 1384.0961848596783 0.10330303691237733 14.425669741573818 20.400977794848878 -25.631334359000547 3.645439176867092 0.142225883592634 2.0 50 0 10 True 0 367560.28 493826.7 184 256 0.013806725290144943 -0.024699235099500314 -0.01552257007626826 -0.02161389632966582 0.012189761551220781 0.01232657079152083 0.012302121437680065 0.012297665168572383
9.937733254980104 1776.087569184739 2.5420425941846085 0.26934947056034936 0.02644215481067784 137.84942629322313 3.3068794158766543 1184.464250846143 0.15826333382471758 1384.2533397865234 0.1548914190485277 18.680121780519418 26.41768156879161 -17.555516884369286 4.821809459312267 0.27466063751192704 2.0 54 0 50 True 2 424705.84 573311.1 216 302 -0.01745881976003325 -0.07116565094645771 -0.03676815243481009 -0.032587488946033236 0.019281326617526868 0.02680644589917577 0.022603214113435296 0.02182141160736289
10.732751915378513 1782.6637567993453 3.1290601228013935 0.3630120525292999 0.024868381174093887 137.84942629322313 2.5342426733353114 1184.064921597509 0.17559449210176128 1384.6148022184427 0.1711041153921586 20.03576071269421 21.415213647510125 -22.32101773711323 3.9031139819014102 0.17486272480361367 1.1424393419532628 41 0 10 True 0 431956.88 657025.8 220 351 -0.022379876297443077 -0.06388401363756051 -0.050160547321197645 -0.016457294118934998 0.01634922313563796 0.01903255165350496 0.01948731726743698 0.01739672464803949
11.591372068608795 1770.5456377907562 2.78351635428435 0.3864164034412809 0.02098184111013028 137.84942629322313 2.043837499784123 1184.1382283032817 0.16489822509850488 1384.6073134198025 0.15996541809651116 17.604503167733466 19.755785608859846 -20.956798154241365 3.587843447390491 0.17120188976312498 1.2593343895189841 40 0 10 True 0 474531.66 752812.9 244 408 -0.03679201485081957 -0.055266866220401716 -0.03320579401726402 -0.009595954281160994 0.014400223641259374 0.01575654942179545 0.01696425662202976 0.015979909289591424
12.5186818340975 1756.0361008632676 2.4745025616027876 0.4123836222640885 0.016103101302300072 137.84942629322313 1.4968398052957717 1184.41523535525 0.1433366925741496 1384.4065068446553 0.1378981874995427 15.051811462844398 18.06547272765672 -20.96566507234236 3.1310824183150645 0.14934333862108426 1.440526066676704 37 2 50 True 2 534557.6 870742.75 278 479 -0.025303402843483855 -0.0368273889783157 -0.013006909312420224 -0.021259872580883667 0.012565849991452539 0.012686689435982734 0.013707270555816662 0.01340383562362826
13.520176380825301 1734.5998314005735 2.686709076843768 0.4123836222640885 0.01682760371128122 136.68826449555363 1.6013769761489702 1184.491558834906 0.16324817629004973 1384.4874661242925 0.15941229683296967 16.120254461062608 20.895665580979106 -20.61116750589978 3.3116334043649878 0.16067180102325884 1.680229604171646 36 3 10 True 0 621898.06 994720.4 328 555 -0.03603380188892723 -0.040737143316266974 -0.005755887767306884 -0.026864869776035676 0.012713961503077539 0.012328987142784163 0.013876732993961157 0.013781861222660572
14.601790491291327 1725.8281652642418 2.971791660841474 0.4472324679111813 0.01580495501016811 136.23211177420615 1.4563027475875785 1184.2168983794231 0.1725188310939149 1384.7054189877283 0.1694165945095004 18.076702962419233 24.91811224414231 -20.608949711413267 2.825842850222201 0.1371172665173347 1.9001672653480215 37 2 50 True 2 673780.6 1144940.8 358 649 -0.03436892750764674 -0.04442779943313347 -0.011652983535132224 -0.01091596479733224 0.0123769225256554 0.011996636495547032 0.014893275989178563 0.014158880439148711
15.769933730594635 1706.7559428660634 2.8871583213387475 0.46008637826239257 0.01643648827720122 136.23211177420615 1.469415060082824 1184.2960385794272 0.19775342590244735 1384.788038265722 0.19388293443981522 17.322949928032486 25.779042269558907 -17.611965325822503 3.423795788175179 0.1944016879907912 2.21457226782056 36 2 10 True 0 752897.3 1315828.1 404 758 -0.0336881947414565 -0.046996860053254416 0.00033446750343422033 -0.016030936823628265 0.013727156357151502 0.014330153893079603 0.01548117476390966 0.015250731781310404
17.031528429042208 1696.291242285165 3.3929067681632934 0.48918292477220643 0.014150794092966507 133.9515590096443 1.233643519849065 1184.6054110818304 0.18887596712900198 1384.3785878827607 0.19233559005449447 20.35744060897976 31.360950982199178 -20.970493018687137 2.6111818679970042 0.12451695177934724 2.373187730854799 36 2 10 True 0 829621.6 1524699.8 449 893 -0.04789928274559985 -0.02317450527696648 0.016697000310604195 -0.01890270026188612 0.012923139156697775 0.010668918480279184 0.01398624574323989 0.013376178147894522
18.394050703365586 1674.7489179460226 2.5264624050988487 0.5001910687078369 0.010381905503364193 134.1601706460428 0.8964496685556631 1184.3453030043027 0.15261123206684785 1384.7609867201147 0.1549122154703545 15.158774430593091 25.106396985983952 -19.23888353026173 2.065504615727295 0.10736093975923121 2.7430934449090225 36 2 10 True 0 932465.25 1746505.1 510 1040 -0.03176582714262659 -0.027327863452555046 0.008069268580552612 -0.010083369158428224 0.008832011762210124 0.007818326948283633 0.010745055565730586 0.010209820458043006
19.865574759634836 1651.9666138996035 2.0933477766802713 0.5150518818128849 0.008354412629480563 134.29817389621866 0.6917408271457384 1184.3905539172822 0.13460036316617519 1384.7828563693804 0.1363779249659853 12.560086660081627 22.24535085391545 -17.926665990177796 1.7268001467597942 0.09632578348399673 3.136846360307942 36 1 10 True 0 1043926.3 2014612.6 577 1222 -0.018527706935389604 -0.018521995701704562 0.011609905933937606 -0.01907789238551167 0.007863050865224867 0.007308302121065259 0.007977224536841833 0.008023697269224247
21.454820740405626 1628.6149311503586 2.1321500374121967 0.5283759897068934 0.008885065421189721 133.16522271726478 0.7273229726694794 1184.2647033184894 0.15641072426198288 1384.9361950434643 0.16205532280974902 12.79290022447318 24.086837293801363 -15.430229337460016 1.3801178637149492 0.08944247253437981 3.5450432055977963 36 1 10 True 0 1185260.8 2308136.2 663 1427 -0.015521052144708667 -0.024103566319074385 0.0200585457839137 -0.011385689980252484 0.008485501704689069 0.007988747481244946 0.008995749133643375 0.008726576706564227
23.17120639963808 1608.5139347347167 2.41142015706833 0.5394550296803036 0.008644715434783116 132.877434767509 0.6842703337874768 1184.3333876325885 0.16472278790810657 1384.8502590246012 0.1717449047449889 14.668096176221084 29.469297373074525 -16.348432850651882 1.4687951787563365 0.0898431789868941 4.036380177224032 37 0 10 True 0 1334258.1 2644858.8 755 1667 -0.01577035189901547 -0.020371283459429852 0.006517240312894868 0.000440159026213653 0.00863080154951406 0.00820611181525864 0.00951397046426615 0.009266199560055484
25.02490291160913 1581.0609681992316 1.9096656780944292 0.5432348428110713 0.006469854150561858 132.02124355341877 0.51063740826996 1184.3711600140555 0.13286465723392019 1384.8356169484641 0.14095651407405896 11.616042832109335 25.09786885185786 -15.861325890660787 1.1885094785149115 0.07493128170418027 4.668284136806631 37 0 10 True 0 1527139.8 3020307.0 876 1944 -0.011389435735291538 -0.010706788015093368 0.005560426222751206 -0.012379411273929261 0.006839955755363789 0.006411300591228063 0.006848911620090982 0.006719710303427029
27.02689514453786 1555.8161236128326 2.3040439198651494 0.5535654087038098 0.006994253425665537 131.1780942970913 0.5479726014840045 1184.434112496381 0.15661592766295251 1384.6829960485209 0.1692784243320367 14.014952023917164 32.71894143519046 -15.953810870004457 1.1567063733569962 0.07250345279771221 5.4502353713204865 37 0 10 True 0 1731139.4 3459261.5 1006 2274 -0.009637305797727477 -0.011451240986991802 -0.004550416898659565 -0.023139584556423235 0.007752960715906616 0.007235799114807018 0.006905277023856064 0.0068825039790321296
29.189046756100893 1531.1512895622163 1.7579814133499951 0.5678946723440843 0.004928475655840981 131.54070243097993 0.3814720747873284 1184.671606760461 0.12281100813557727 1384.3876841238116 0.13209570992175138 10.693383470086056 26.95039472860292 -15.511720810954467 0.8217555254497191 0.052976425727659475 6.351846271498832 37 0 10 True 0 1917807.1 3947263.0 1127 2653 -0.007997879568490997 -0.005685245633859271 -0.0022478875129729532 -0.015136899686423046 0.005719296234973408 0.005286893249322082 0.005210888562862979 0.005076095270852371
31.52417049658897 1496.0676455876803 1.6801309369407815 0.5698903253630387 0.004705780438962975 131.4236881024895 0.36036298943731304 1184.5696983438688 0.1264983058438783 1384.5032357143266 0.13646855977654412 10.219837509218227 27.015322506430785 -14.310172571411973 0.7729165527165638 0.05401168636223516 6.987669109036555 37 0 10 True 0 2213084.2 4493225.5 1322 3092 -0.007581233037200118 0.006609358576045796 0.0005245919309175031 -0.012855074341728664 0.005414008450207682 0.0050853309839848475 0.005112742248110086 0.005049223092685191
34.04610413631609 1462.875862293771 1.2835792891286315 0.5749501751520277 0.0034226979285609123 131.65304347212074 0.2664109597685765 1184.5808277146202 0.10014428807750592 1384.5130557551079 0.10728474843649824 8.015950091393943 22.886802806794837 -13.507188657276567 0.6856107334976943 0.050758951466065697 8.151926332846514 39 0 10 True 0 2514654.2 5130823.0 1526 3622 -0.0069325655593247895 0.0011598274942977548 0.0014172793508561076 -0.009461547925106962 0.004155063814092613 0.0037970752625978497 0.0038899240829632143 0.003785734714175709
36.76979246722138 1431.993541171396 1.9383971844053522 0.5819047489170556 0.00472238469750047 131.4686611263182 0.3659810759075839 1184.547155224073 0.15002173505889646 1384.690705723439 0.16131345110754763 12.259500225556664 36.21254704962826 -13.13106745776007 0.7064849670052972 0.05380255407855555 8.725144195332394 40 0 10 True 0 2852985.0 5838930.0 1760 4231 -0.009262520926926452 0.005902493683435612 -0.0028593899867744824 -0.012374804387390692 0.0059248290409290765 0.005421319020171869 0.005664300685534462 0.005542726679944895
39.71137586459909 1395.878758044645 1.518066276300186 0.5871103144129984 0.0035157058900598787 131.8139211521384 0.270743924063014 1184.4856767905312 0.12154202452202961 1384.6357107752963 0.1297412354411443 9.720366967807152 30.17857682713959 -13.096234544299413 0.5912164187328895 0.04514400049365616 9.63900462709109 41 0 10 True 0 3224395.5 6633950.5 2023 4938 -0.006667647003722293 -0.0004558879961561599 -0.005434175877276454 -0.0017816927721923282 0.004350230329607162 0.004002491797741256 0.004282852097920781 0.004202771276767493
42.88828593376702 1348.81583579031 1.72196727211241 0.5798716507801731 0.003944136073773009 131.3534066041147 0.30594998834963455 1184.528101203622 0.14317697561597872 1384.5230473614292 0.15366869782268816 11.291694527737143 37.36289887581043 -12.561630071785741 0.576049757020675 0.045857882593957386 10.948708355604241 43 0 10 True 0 3739456.0 7534719.0 2398 5769 -0.00643193400750494 0.0042112579289985755 -0.008949191345494517 -0.0009988937827327142 0.004736792113928096 0.004369886348830077 0.0045750912996455825 0.004510063090810276
46.31934880846839 1305.9310384114583 2.0360293294724956 0.5798716507801731 0.004315816103392973 131.26044155350613 0.33391176818966173 1184.6303122971021 0.1673350589088214 1384.4748850683554 0.17949535717155302 13.65809995465145 47.80780849979516 -12.624019414877296 0.5373401271758075 0.042564900252177754 12.252285242107547 45 0 10 True 0 4286515.0 8522645.0 2810 6712 -0.00735748068272602 0.004638108909695165 -0.003968178724886638 -0.008060860292894895 0.005141012648722086 0.004749648479669413 0.0049994196820445265 0.004982494397380351
50.02489671314587 1254.580203872572 1.2373753741821445 0.5731667770644943 0.0026717212158682813 131.38868352148876 0.2075365934680623 1184.7399422318242 0.10926989960081616 1384.2415173873173 0.11637618047548637 8.5727880644721 31.920846131094017 -11.742086978967832 0.3707097585341403 0.03157102814841582 13.864512860426201 48 0 10 True 0 4956541.5 9666424.0 3334 7844 -0.0015710592256732126 -0.0019088554614623205 -0.002952060296602031 -0.008269164153796004 0.0031879967979221977 0.0029378760088173902 0.002853564643406559 0.0028467297260528807
54.026888450197546 1201.6098403188162 1.0997430982759857 0.5645153176250786 0.002440830477393467 131.91833310581222 0.18825081344162448 1184.6832131401843 0.10512317583035048 1384.1911623920132 0.11051799171954294 7.8537366261219175 31.021967309345374 -10.888157667697051 0.30111553739791386 0.02765532485732296 15.602205915345476 51 0 10 True 0 5738069.0 10932625.0 3971 9147 -0.0018670665225358394 0.0015526694141550245 -0.0026564581462690294 -0.001912168903385824 0.0028079384768454952 0.0026106776609409062 0.0027351285173220262 0.002726912941399745
58.34903952621336 1147.9646238407709 1.1944218204984942 0.557953093193489 0.0028071308163770147 131.96597517219303 0.21507298728387206 1184.677031816727 0.12709886713032884 1384.089627519208 0.13299068024910085 8.85806929813498 36.837498496275934 -9.821794693265359 0.2934800370411568 0.029880489890751965 17.294265232430657 55 0 10 True 0 6591685.0 12365776.0 4698 10672 -0.00047056648189407505 -0.00032931400686996677 0.005039722540369003 -0.0007276436709408504 0.0031521547995623928 0.0029234825837508387 0.0030229434248099686 0.0029873517241990302
63.016962688310436 1095.9290856714051 1.0685441660311186 0.5489951036169686 0.0026367277310718794 131.81137246464945 0.19897667457383847 1184.66745646259 0.12489659868636704 1384.189325727435 0.1305454935223628 8.207643477319735 36.02977186053598 -8.950210858489553 0.22275044115859927 0.024887731102705087 19.270192705207062 59 0 10 True 0 7618082.0 13982758.0 5613 12453 0.0022136852472620853 0.0009577435853073312 -5.0051907033582126e-05 0.0014619141280209974 0.002830367364203486 0.0026447823137608255 0.0028006603509809647 0.0027686343772406513
68.05831970337528 1044.5143886871028 0.7483657777713346 0.5399923829874842 0.0020940359836538838 131.65099327203401 0.1551284914152232 1184.6084880725186 0.1040579024456565 1384.1519088080186 0.10875070088033345 5.939969213083142 27.57552911882943 -7.511867226886549 0.17841516171134822 0.023751106924888517 21.551590218297875 63 0 10 True 0 8749372.0 15811372.0 6671 14531 0.0007689815622072043 0.004329063630161833 0.0011648545504247862 0.0014834190242169216 0.002097095277382579 0.0019902381338935144 0.00213739099413235 0.002124782664386265
73.5029852796453 995.5616580738741 0.9653961779769284 0.5267449933084805 0.003045593064420724 131.57678940278274 0.22430855702215932 1184.5473944267733 0.15972077812188865 1384.2636102334232 0.1669405434662324 7.960860824732924 38.486782862933275 -6.3434758055161415 0.16926861454717368 0.026683890620341228 23.372391714478876 68 0 10 True 0 10110772.0 17878602.0 8007 16951 1.1060430711209567e-06 0.004621814406809401 0.001491684989782284 -0.0038634795548968424 0.00299370871515912 0.002891540647383058 0.0029627293405970574 0.002982027993162726
79.38322410201694 958.1310726439626 0.7936034469789132 0.5267449933084805 0.0028353904510774776 131.08751594925928 0.2073236163177596 1184.5632624857853 0.1601233678796934 1384.2776870643384 0.16868385335391897 6.733948547181698 34.283879888760154 -5.20018833827143 0.13525401806542067 0.026009446056021082 25.920319020671222 72 0 10 True 0 11412794.0 20209556.0 9341 19755 -0.00011272782068266044 0.0034722233141203447 -0.00045406732858231717 -0.005202758339960492 0.0027758559625274807 0.0027167482845387486 0.002706114898788844 0.0027391010725092545
85.73388203017831 921.2157943521229 0.6131408537310327 0.5198593754346273 0.0024862381992403837 130.3950067181581 0.18188591684213623 1184.6245273462368 0.1499491773811485 1384.1084039095165 0.15961942996280398 5.380289155945014 29.084288801743362 -4.28729521756313 0.10614655658202163 0.024758396890232025 29.221712477054535 77 0 10 True 0 13035500.0 22840452.0 11070 23000 0.001028857170739585 -0.003004348855689678 -0.0005789434965034721 -0.006603962967262589 0.002387931600004853 0.0023693871981007365 0.0022748102108890674 0.0023108564199675655
92.59259259259258 887.97739194305 0.7055850174512355 0.511316688099837 0.003027807323624057 130.2148214566203 0.22170829308918602 1184.6235049329086 0.19542900542838604 1384.2113380269902 0.20890884444042493 6.389344080720348 36.137140069762935 -3.606159069146566 0.09578778716753739 0.02656227452279484 31.988583190791648 82 0 1 True 5 14913672.0 25866290.0 13147 26822 -0.0018933415828612525 -0.004419244209215578 0.0013984386084800154 -0.00566075259230761 0.0029861520426977374 0.003010231405591987 0.0029563049220669092 0.0030056709503149186
100.0 860.6555735299861 0.528775734657959 0.511316688099837 0.0027674062870928465 130.2148214566203 0.20136016035624 1184.6235049329086 0.1932711699647809 1384.2113380269902 0.20715311694887958 4.903664432893377 29.300559841553213 -2.8688351024260665 0.07495299062493445 0.02612662908424033 35.703463753412265 86 0 20 True 0 16819146.0 29337192.0 15329 31304 0.0002159624604210059 -0.0033006126924542637 0.011265067639782075 -0.0018903148256502263 0.00261067130285142 0.0026489742758331117 0.0023417872845992575 0.0023511035093412447
108.0 836.4591591270039 0.5763895237922932 0.5092534240950957 0.003158609339082726 130.2148214566203 0.22861041033046586 1185.219702856691 0.2382749852352167 1383.5080722299826 0.2561297411830395 5.468111143930378 34.50811992652394 -2.5390103257411125 0.07226385199853365 0.028461425015056024 39.82611381976623 90 0 10 True 0 19047294.0 33286464.0 17957 36506 0.0007155969775399962 -0.0021871767928780005 0.008765437453715432 0.0023527829295984294 0.002982188346762785 0.0030469532205839546 0.002861074995663138 0.002875059468337733
116.64000000000001 812.0434468149201 0.4350978195401967 0.502688898030444 0.0029306655259591407 129.4939178954711 0.21298344782467643 1184.8791471893444 0.23654629027733007 1383.9195844072228 0.2576724186041925 4.2408089669331 28.536502530278913 -1.9277439351687555 0.06452161783859436 0.0334700146951551 45.27975514614009 95 0 10 True 0 21744576.0 37817256.0 21231 42589 -0.002547045974046373 -0.0020256642680261424 0.011710237742375243 -0.003377232429200526 0.002731008346203269 0.0027925590394091 0.002504231175485794 0.002476389089602158
125.97120000000002 790.6713950145506 0.5738292458207003 0.49106510061423003 0.004302578945461821 128.94556807466802 0.3172382217533778 1184.803412649365 0.3706223667209393 1383.3524041475382 0.40796924612097946 5.766912548259642 41.10850233997637 -1.6268331349344292 0.07260806930328784 0.0446315407180432 50.8132038277399 101 0 10 True 0 25041110.0 43029412.0 25349 49703 0.004490180549110513 -0.005578817415249279 0.0038532421126667806 -0.0049841298026944945 0.003928374549448189 0.003994818968788691 0.00399626439431766 0.003953597579193282
136.04889600000004 772.4203019052181 0.6921373254633101 0.48240073322916543 0.0056352649041195605 128.04357295294503 0.41991264383286386 1185.3559831908199 0.5181315796485135 1384.0066446448118 0.5805287497223551 7.125989909742184 53.581724721444495 -1.4027755479481299 0.06578521664351504 0.04689646660846099 56.53832937067295 106 0 10 True 0 28727722.0 49015828.0 30068 57992 -0.00228716091022556 0.00695569389551785 -0.007096506362597963 0.00146334957637419 0.005128060164710086 0.005190428072205379 0.005208431106383696 0.005116731839688062
146.93280768000005 755.4420891839105 0.6908564289417033 0.47276706154800885 0.006447068227496956 126.40581083594735 0.48817165216473357 1185.2165091300692 0.6283708538920753 1385.3451493539535 0.7258964926511717 7.278624128262098 58.104239856413145 -1.1468547326062357 0.05378802478841608 0.04690046896016412 63.726059149032935 111 0 10 True 0 32970686.0 55909252.0 35628 67672 -0.0007024937887483926 0.01582503410217282 -0.007608638858655058 0.0025699831854753548 0.005673457600785666 0.00572937654422427 0.005887851044364779 0.005787647011150453
158.68743229440005 740.5608365214681 0.40561795609995166 0.46633262595095576 0.004401398037156085 126.40581083594735 0.3401742633217965 1185.2027013511247 0.46452016947672387 1384.427801863239 0.5383803782361077 4.3686390846625756 37.271963469964724 -0.9158764384870297 0.035024969475937674 0.03824202480172623 72.79008218347781 116 0 10 True 0 37781456.0 63844590.0 42066 78941 0.0033419667888230906 0.010846776609237054 -0.0031284102129340713 -0.00038546218610974805 0.003879075682487981 0.003850236205969771 0.004024974323136569 0.003957170426527387
171.38242687795207 728.3773450038963 0.31878102507459977 0.4638462484781475 0.0038683692539420596 126.89170489880757 0.30378751199471665 1186.2455601493384 0.44612050414113286 1383.2941060848152 0.5147083491421662 3.4920711667595654 31.71014569025542 -0.7549322399614984 0.02671672127194876 0.03538956194705808 82.45752650852224 120 0 10 True 0 43114680.0 73030000.0 49329 92110 -0.009491115918743114 0.004132495508486132 0.005634647127331268 -0.0038357254712529116 0.003453134820024035 0.0033661975830003516 0.0035026481218700684 0.003452751674043955
185.09302102818825 718.2376163670274 0.35739792285023897 0.46487216912111995 0.004861705830605127 127.28094776527236 0.3829988081615583 1187.0991690035696 0.6127112127221624 1381.9009544196608 0.7059286929674529 3.94758908467373 38.160992659515415 -0.6200034526979671 0.02583213506331572 0.0416645019489912 93.44916981685226 122 0 10 True 0 48967764.0 83643624.0 57424 107454 -0.007513124237634823 0.0051793940080471675 0.008123157115171661 -0.000601310463930288 0.004430462559729587 0.004349197082202767 0.00441533670201297 0.004392543939194149
199.90046271044332 709.5070466072328 0.2962382766418182 0.47036280402103864 0.004710683546385152 126.96785426721077 0.3716922719945381 1188.1357478767804 0.6479596730397512 1380.9106542103073 0.7542391680539525 3.2987698391849927 34.0541545999394 -0.48334519727017855 0.021393299862685216 0.0442609132841489 106.57029706402712 124 0 10 True 0 55320676.0 95903700.0 66329 125317 0.0021499549180934493 0.0011344760289054416 0.013433334235431289 0.011319614520018421 0.0044211475972280945 0.004348938196168489 0.00413426125805572 0.004116988836816513
215.8924997272788 701.5391094873822 0.28641832917538285 0.46875291906876604 0.004658134963707544 126.12517613372054 0.37283635408108146 1188.6884204700034 0.6901624728232265 1381.8734807236492 0.8183375910863557 3.2150377711995644 35.59645096362982 -0.4360688321320059 0.018140932003925282 0.04160107457171737 122.58610360065857 126 0 10 True 0 63289510.0 110152220.0 77626 146222 0.0001665200989130591 -0.0005689849918074799 0.006593244953069406 0.012611514975805694 0.004373621577264591 0.0043356841571436065 0.004177512642256743 0.004186288604294103
233.16389970546112 693.4675706661287 0.25629463743127684 0.4651320036872667 0.005395143326277337 125.66542929511851 0.4373874668428434 1188.5496721896568 0.8582093367820869 1380.588948579762 1.024648419424016 2.888293878634195 34.725940227368504 -0.3126534083649715 0.017865500189027994 0.057141549431544834 144.55238684127332 127 0 10 True 0 72746300.0 126641080.0 91186 170555 0.0017593532812273224 -0.004708986574154047 0.011747236047355444 0.005834563310789841 0.005038324646806287 0.004993603524772092 0.004963044704656508 0.004879949514662309
251.81701168189804 686.9655786134152 0.24278619917759137 0.45659517132035804 0.006160541759038196 123.28518329845043 0.5059695542040631 1190.422611396762 1.0211268864251852 1376.685186742582 1.2683386826325462 2.7360615108052366 35.80841011126204 -0.24420937314363025 0.013792662643391258 0.0564788421748218 171.28461827074318 127 0 10 True 0 84393670.0 145769390.0 108059 198914 0.0036629620060423798 -0.0029227155529906977 0.016379879772131404 0.017093092355416336 0.005667795919836454 0.005609133874577858 0.005341286222841272 0.0052969822001829436
271.9623726164499 681.161078646898 0.21898683007726924 0.4411336211703593 0.007579328463413083 121.43093331182835 0.6379362232648413 1191.0589171664708 1.3091650421613925 1372.7656745088796 1.6644816516521577 2.4678562421474086 35.37267001760207 -0.17048093238618725 0.016288658563429263 0.09554533950184453 205.4451864782621 127 0 10 True 0 99176250.0 167843090.0 129678 231784 -0.008418104821358952 -0.0209033027693289 0.009412762550533102 0.019694752736209332 0.006530270453550385 0.006718653311841669 0.0065618177205040455 0.006704751058573373
293.7193624257659 675.2243349479152 0.22710754429191218 0.39592357390714605 0.009106689593256993 118.21488384766276 0.8299267347614642 1194.4033008690792 1.585231384287447 1374.9686985779044 2.052802921881489 2.559372043614695 41.18367880609508 -0.14714665123086804 0.009134062559417675 0.06207455272010673 258.9306328244268 127 0 10 True 0 122115384.0 193708050.0 163484 270436 -0.021000716388470952 -0.008211112316714037 -0.003775127737858551 -0.006473489711292021 0.007397961548410944 0.007226476217233792 0.007532045958698336 0.007464366427379163
317.21691141982717 671.5774457514989 0.14691303427174987 0.39592357390714605 0.010853561202649454 116.35379567748352 0.9891031571473637 1195.877544666814 2.007005297140442 1372.6771961596498 2.667593434751011 1.655625813444695 28.772504117025612 -0.06978345304563124 0.008792608932293462 0.1259984788448917 302.016690126403 127 0 10 True 0 140461820.0 223533220.0 190721 315096 -0.02422978808665292 -0.001067971655113335 -0.004426769163830001 0.03127235955052267 0.009784472145451972 0.00920277676756175 0.00912450491146132 0.009840265251092812
342.5942643334134 669.4393417673797 0.2834120529794249 0.353380822838386 0.02138469558814256 115.10025097115359 2.1270680425445123 1207.9704566939643 4.123631593137426 1354.377324497974 5.364710771835366 3.19389163174012 62.01243255392502 -0.07176972541917236 0.014349143637874501 0.1999330992848039 376.97902110844143 127 0 10 True 0 172137280.0 258456290.0 237956 367577 -0.025322918529055122 -0.020007553732255115 0.006389288394637694 0.05670548628740331 0.01709172398841322 0.016647138808659964 0.015803778877295022 0.019280883850104902
370.0018054800865 665.893475267317 0.17849727101173277 0.2880726301314908 0.017208480296141297 109.5211600793077 2.0196387771291375 1207.1998778820384 3.3794571461740475 1360.3414837710397 4.349445570268213 2.0115620848849702 44.25190365588365 -0.0570999732887624 0.006468257403165363 0.11327951714538459 483.9461441947209 127 0 10 True 0 217028020.0 299188260.0 305163 428929 -0.017978952012150363 -0.014239397103962536 -0.013486664829005946 0.04996291357970203 0.012149074904256818 0.011965134700932514 0.011316732661019832 0.012461149452648106
399.60194991849346 664.2945884980705 0.15678840780938721 0.27566226818646405 0.018156056451551713 105.20215476969226 2.210709693660607 1221.626046747067 3.7722910513362726 1351.2053851790004 4.927343023462876 1.7669156212372292 42.34260821227117 -0.04454616366096954 0.005114203823415101 0.11480682965963383 574.2798675120904 127 0 10 True 0 254972350.0 346565000.0 362218 500421 -0.06427257674199366 0.017379396940302112 0.01934079413282276 0.029170416155524254 0.01338851752351917 0.011237059516000628 0.012466956756031105 0.012598940876630185
431.570105911973 662.8480661726105 0.14552073063227514 0.27566226818646405 0.030227819596393507 99.92086112446037 3.681382815693572 1221.661741323477 6.675189143373474 1351.0013032242985 8.944521602787816 1.639935348285535 42.44360638402586 -0.022661445181364388 0.005778982326102297 0.255013847521721 669.8400374660647 127 0 10 True 0 295002240.0 401638460.0 422503 583611 -0.05415212541930243 0.12382923643184222 0.01227104896513354 0.04500014884493011 0.022345009896323063 0.03604942215491539 0.021213909584252445 0.02373228137350589
466.09571438493083 663.2249699177835 0.17648659257243013 0.3573577818801896 0.0230142278450811 99.92086112446037 2.269073878948627 1222.5167892837142 5.527308669157749 1307.7816824928823 8.273576817707356 1.9889028896464558 52.37604803795067 -0.029972451678699955 0.005655139600678718 0.18867791201403675 693.4869532559514 127 0 10 True 0 304814400.0 465559460.0 437275 680108 -0.08788974172117767 0.09449535180712952 0.01635737430841479 0.016180592352747183 0.02167489778878062 0.022555842694527165 0.01831557840532763 0.018133046289962602
503.3833715357253 662.0236091564354 0.17466975509626095 0.32338911492605393 0.031210152687204933 99.92086112446037 3.3315326088932884 1240.6169802415222 8.068528540385708 1307.64179188607 11.51716098284724 1.9684281711213765 57.438729320855145 -0.02127620330555162 0.005363183621749964 0.2520742796413561 851.4722602846958 127 0 10 True 0 371014500.0 540276800.0 537166 793115 -0.0641705583184785 0.15445722659133335 0.048349245523270766 0.03040585793367199 0.024143786425487306 0.042786763594257274 0.02593080000535027 0.023921733627232683
543.6540412585833 661.1095972386734 0.1942254145699998 0.32338911492605393 0.09418435502735366 99.92086112446037 10.05375357262835 1240.6169802415222 26.296727854781995 1307.64179188607 37.536456974836426 2.1888092610917043 68.97900491847763 -0.006494790884193098 0.0065896588892457655 1.0146067836123185 993.1572443960372 127 0 2 True 5 430266700.0 627511550.0 626678 925193 -0.006805147693167724 0.54647167312882 0.1725562427826271 -0.06940920784064399 0.062064417528586886 0.5578053104996638 0.19139974314315678 0.10403403724446046
587.1463645592701 660.8728263016419 0.25743299473671505 0.32338911492605393 0.11421522825206458 99.92086112446037 12.191973511974336 1240.6169802415222 34.44070128974836 1307.64179188607 49.161277205007785 2.9011225139499746 98.7412980808464 0.005581104079708894 0.009090991401265913 None 1158.4186098635669 127 0 2 True 5 499372300.0 729216400.0 731192 1079218 0.015910062085176823 -0.6624395361730967 -0.16362758295910707 0.24278408116917322 0.09624833554941284 0.4344174046639056 0.15178391305565878 0.18967459633024147
610.0 660.7769448675318 0.35667038253202726 0.32338911492605393 0.5398764778493619 99.92086112446037 57.62913499525048 1240.6169802415222 169.13030826432265 1307.64179188607 241.42070563365297 4.019471077827768 142.12979503671218 0.001517490156797454 0.009052343837559658 None 1250.3524327333541 127 0 0 True 0 537771900.0 785670200.0 789272 1164750 0.012192389800907765 -2.7494462596226046 -0.7442502633404539 0.911511773036888 0.4950841576155273 1.8266016992159018 0.7230672532266041 0.7939827907075175
620.0 661.0271769819827 0.38283873365176946 0.32338911492605393 0.12574863689527918 99.92086112446037 13.42310988656736 1240.6169802415222 40.04010331863338 1307.64179188607 57.15410943224819 4.3143734180039965 155.05858186619844 -0.006985088682678188 0.009020580350190628 1.2914052719989237 1291.6836203781456 127 0 0 True 0 554990100.0 811145340.0 815301 1203356 -0.01330323931209285 0.5493680382890965 0.13004295052840847 -0.2456361272446887 0.11825343987674847 0.718847482910232 0.20914711696536564 0.34037885066706475
630.0 661.1184735754343 0.4257377181652159 0.32338911492605393 0.10950206122609918 99.92086112446037 11.688887803076591 1240.6169802415222 35.429460596661926 1307.64179188607 50.57274204904861 4.797820421076913 175.21485547585178 -0.009002871135837469 0.0094731221829539 1.0522334530863735 1333.686859854511 127 0 0 True 0 572235600.0 837015230.0 841374 1242568 0.0021240522549069826 0.42683235597266683 0.07533430766261717 -0.21346245737360178 0.10082974289022732 0.46007863541829586 0.1323735176989198 0.2479264672326111
640.0 661.2108615904399 0.4689163341355189 0.32338911492605393 0.08105683817972809 99.92086112446037 8.652435694273821 1240.6169802415222 26.642145320379193 1307.64179188607 38.02954495482897 5.2844187106270155 196.04852640834002 -0.013505092209921797 0.009716205831427138 0.7194475743222934 1376.3621511625552 127 0 0 True 0 589727700.0 863268300.0 867812 1282348 0.005075993644113719 0.2953404428057857 0.038360936180814285 -0.15420444812257433 0.07339665442258604 0.22453038958019478 0.08151704527913237 0.13444363852421445
650.0 661.1774131713769 0.46208502922286054 0.32338911492605393 0.07557622855150645 99.92086112446037 8.067443255271273 1240.6169802415222 25.228999901810617 1307.64179188607 36.0123903406296 5.207433814024934 196.21106820813353 -0.013881683612502317 0.00947012538192565 0.6822029406718745 1419.7094943021702 127 0 0 True 0 607629000.0 889960000.0 894848 1322794 0.016796211178174314 0.26618881507688735 0.03826603825769608 -0.16341541717082297 0.07052415984893888 0.19422018819614853 0.0766629663942294 0.13236797033176667
660.0 661.0835321640227 0.44622576425571575 0.32338911492605393 0.08069442722166281 99.92086112446037 8.613817018605802 1240.6169802415222 27.3520743286304 1307.64179188607 39.04292742871003 5.028708974584918 192.39191822850503 -0.011776811855464999 0.00922105935334854 0.7829843481000787 1463.7288892734573 127 0 0 True 0 625908160.0 917136900.0 922476 1363944 0.04672018820817094 0.3021254309118359 0.06301288992035259 -0.1931123576135353 0.08596597709435792 0.24877795880462075 0.094424702952764 0.17092746674859238
670.0 660.8648863810513 0.4238090466085363 0.32338911492605393 0.10056582842218262 99.92086112446037 10.734966536493292 1240.6169802415222 34.60399384860551 1307.64179188607 49.39444527412054 4.776085396470527 185.49545489859844 -0.008321661548439234 0.00892607060021683 1.072630813961781 1508.4203360763288 127 0 0 True 0 644595650.0 944659600.0 950719 1405632 0.10613491473414338 0.43330311569453317 0.12775589167179202 -0.2566121875360756 0.15258161623814423 0.47552918183471915 0.17338653133898063 0.29465864891935506
680.0 660.5987573044613 0.41401333973655385 0.32338911492605393 0.13467009131819782 99.92086112446037 14.375425942969965 1240.6169802415222 47.03043291813992 1307.64179188607 67.13243359824563 4.665693386404268 183.9126043685015 -0.0056723997189983355 0.008863710960737623 1.5626033777293162 1553.7838347108618 127 0 0 True 0 663563460.0 972611700.0 979408 1447964 0.199308197490379 0.6494709707105554 0.21652553079900294 -0.35995034196062287 0.3421144797295122 1.0244978854862303 0.3699668469446993 0.5816501050063693
690.0 660.5927117394391 0.41971931468111634 0.32338911492605393 0.1764774424912976 99.92086112446037 18.838169887317058 1240.6169802415222 62.538704304125666 1307.64179188607 89.26696535932803 4.729996458326477 189.18917918825713 -0.00460529044444822 0.008933006415397501 1.93972704287662 1599.8193851769543 127 0 0 True 0 682767000.0 1000876740.0 1008441 1490755 0.2564048331396102 0.6569809698401197 0.27677590241662076 -0.5462116093636571 0.528566500735366 1.286615008469926 0.5668026558847205 1.0746748073325423
700.0 660.3855406745201 0.406225624299809 0.32338911492605393 0.8455988961479403 99.92086112446037 90.26390151357057 1240.6169802415222 303.98864022189736 1307.64179188607 433.92499060797365 4.577930290578564 185.76059864334306 -0.0008296097122817108 0.008852666283653983 10.670880719689405 1646.52698747473 127 0 0 True 0 702257700.0 1029623600.0 1037925 1534287 1.592212512815784 3.6699551988865236 1.5814083422430756 -2.578787874867306 17.01622362369977 39.17267728051537 16.902784943014854 27.534636282062486
710.0 660.2621702240243 0.4028139327424086 0.32338911492605393 0.8119245546878322 99.92086112446037 86.66930160062317 1240.6169802415222 296.0525014260517 1307.64179188607 422.59703163844995 4.539482479341507 186.83192118078392 0.0007735056486616243 0.008871303442092013 None 1693.9066416041155 127 0 0 True 0 722023900.0 1058813500.0 1067841 1578497 -1.9537962991766213 -4.0161746335317305 -1.7881314712967422 2.3869430707557613 1.5853121577478468 2.745400068286966 1.5331107949152443 1.8313592673298063
720.0 660.2273658321517 0.4106341746731459 0.32338911492605393 3.984546772991929 99.92086112446037 425.332454498589 1240.6169802415222 1473.370093963002 1307.64179188607 2103.118623399561 4.627612130138604 193.14160405445932 0.00015236928155262477 0.008946230279784998 None 1741.9583475650666 127 0 0 True 0 742078000.0 1088399500.0 1098197 1623295 -10.210794436964584 -21.12435706180826 -9.76804355859212 10.572911580015326 8.196419135738454 14.379239223800804 8.147945190494617 8.517902821615602
730.0 660.212913529983 0.41830084777785365 0.32338911492605393 2.0350748419363422 99.92086112446037 217.23513927469656 1240.6169802415222 762.9432011132734 1307.64179188607 1089.0690456349746 4.714011148158458 199.48022622727376 -0.00029498784335548205 0.008972758996622936 30.417385660907055 1790.6821053576987 127 0 0 True 0 762403900.0 1118287600.0 1128968 1668522 4.959816198368367 10.999920086246242 5.399784668943971 -5.004612967593147 150.88655911935072 334.5984952908651 164.2697612152152 152.25096319891327
740.0 660.2846371771109 0.42483732821031434 0.32338911492605393 0.5170150346123881 99.92086112446037 55.18903280083104 1240.6169802415222 196.51186012164573 1307.64179188607 280.4710589110827 4.787673541605729 205.37266362507089 -0.001167444511117316 0.008996194744749149 7.70588636897118 1840.077914981991 127 0 0 True 0 782976400.0 1148742000.0 1160105 1714603 1.1960754854432778 2.634434949965358 1.303015407435906 -1.4077351569419387 9.240213686770772 20.311073293823558 10.064290792014534 10.869083849354686
750.0 660.2168846653497 0.439281330578139 0.32338911492605393 0.5994014032788793 99.92086112446037 63.983413041337236 1240.6169802415222 230.87774833538714 1307.64179188607 329.5576935508424 4.950449181549239 215.2247707618163 -0.0010111906318191661 0.009076779296103525 8.976328508675058 1890.1457518213124 127 0 0 True 0 803870660.0 1179585800.0 1191682 1761301 1.3842251062776372 3.2094636628890205 1.5244325141795012 -1.5593902229361962 12.449139440786391 28.81930004245075 13.7077419914695 14.020535692068531
760.0 660.2740764660912 0.4527036831576968 0.32338911492605393 0.5391556025927038 99.92086112446037 57.5524189151339 1240.6169802415222 210.44039471033253 1307.64179188607 300.3862735402696 5.101711413100229 224.75836664711073 -0.0011411609154319386 0.009135382150081193 8.005340900256277 1940.8856897253327 127 0 0 True 0 825029060.0 1210897400.0 1223673 1808709 1.1740552111979523 2.8502619057716925 1.3041273790262584 -1.6468113622597111 9.424521706385343 22.827747214787244 10.465235111969683 13.202896317512032
770.0 660.3274679946604 0.4679661032360962 0.32338911492605393 0.1611307728315156 99.92086112446037 17.199982313739426 1240.6169802415222 63.71928337435822 1307.64179188607 90.95391565749225 5.273710152236567 235.3929051003232 -0.0038734883622796525 0.009190584268526966 2.372689268419038 1992.2976548444988 127 0 0 True 0 846560400.0 1242623100.0 1256225 1856757 0.3103273246148375 0.851461988502556 0.35642224190535954 -0.5314296900614994 0.7657353746422269 2.030944769738931 0.8733696889781751 1.279285986970765
780.0 660.3471055491387 0.480584382633226 0.32338911492605393 0.21634378833313944 99.92086112446037 23.09373059841087 1240.6169802415222 86.66411133266583 1307.64179188607 123.70615298532744 5.415910939217131 244.87954151434093 -0.0028921858716750228 0.009307732702122032 3.218234620837635 2044.38167179516 127 0 0 True 0 868297800.0 1274707200.0 1289099 1905343 0.36322763744653086 1.1365492193024695 0.4724063292006186 -0.7705119757377259 1.2036062489632442 3.668678460449673 1.5487413882863328 2.4968724901864485
790.0 660.227961621112 0.49872782200760196 0.32338911492605393 0.36916467969736155 99.92086112446037 39.40665998457602 1240.6169802415222 149.7775794989303 1307.64179188607 213.79600566789273 5.620377116924155 257.3824525625131 -0.0016975487568314275 0.009421735344536847 5.550200138064405 2097.137740577508 127 0 0 True 0 890230300.0 1307186200.0 1322278 1954501 0.6192161254402679 1.9944624741010377 0.780073527582368 -1.2670173481977862 3.473007195446223 11.080741304747162 4.360417838782062 7.050861548380315
800.0 660.1056258876916 0.5202236032122226 0.32338911492605393 0.8209683862159259 99.92086112446037 87.6346604051856 1240.6169802415222 337.3007573283178 1307.64179188607 481.46935820856487 5.862622268410845 271.8743801505787 0.0007987556313679533 0.009619528594234785 None 2150.565833183378 127 0 0 True 0 912351200.0 1340031400.0 1355719 2004224 -1.3044951168117411 -4.3428999656667555 -1.4888067186410583 2.5855861613331643 1.378268916765812 2.983916562959403 1.4854937177545442 2.002843532890164
810.0 660.2313770680242 0.509000681698685 0.32338911492605393 1.8551131879060476 99.92086112446037 198.025016880847 1240.6169802415222 771.714300472185 1307.64179188607 1101.5592293821016 5.736146366172606 269.3342784539129 -0.00032014881391104503 0.009553060078660289 29.839436110841426 2204.6660336370505 127 0 0 True 0 934898560.0 1373435000.0 1389810 2054775 3.2347356442260073 9.592787379522973 3.111659319629218 -7.698645386002936 96.55962008612545 286.25557118541377 92.89004156198341 229.73904075155733
820.0 660.2052894824471 0.5160016687944687 0.32338911492605393 0.9027747939928582 99.92086112446037 96.36711264360892 1240.6169802415222 380.1839607468842 1307.64179188607 542.682182145117 5.815043483864238 276.4096529937085 -0.0006366083517971164 0.009629402139314496 15.126100862690746 2259.4382579142944 127 0 0 True 0 957692740.0 1407222700.0 1424291 2105874 1.51350446536392 4.749278288970893 1.547214116583549 -3.8435884947966503 22.933090013404147 71.85045915268049 23.443475079937773 58.15436437322027
830.0 660.0735461810256 0.5277318194886071 0.32338911492605393 0.8883162872743707 99.92086112446037 94.8238239614211 1240.6169802415222 378.65708192572947 1307.64179188607 540.5028884496564 5.947235568665159 286.1406900964803 0.0006218460961687914 0.00980659866221154 None 2314.882534023079 127 0 0 True 0 980850700.0 1441396600.0 1459331 2157541 -1.5290087171626427 -5.115676101498414 -1.5527343660757853 3.3898078239642184 1.6990687882913649 3.5510106093912315 1.7427422678789874 2.5914658727514923
840.0 660.0806664601276 0.5262146187054159 0.32338911492605393 0.31113908034177795 99.92086112446037 33.212712461918684 1240.6169802415222 134.22535315638083 1307.64179188607 191.59592031631468 5.9301375841787465 288.7556177798969 0.0016645944314583566 0.009755457785808563 None 2370.9988619636024 127 0 0 True 0 1004231100.0 1475871600.0 1494703 2209647 -0.5045666404782538 -1.766101272355046 -0.5005167920479071 1.2662531394391423 0.6079881215913525 1.2400058733315926 0.6168468889918235 0.9639201975807301
850.0 660.107520153298 0.5345585911193669 0.32338911492605393 0.22037290218674305 99.92086112446037 23.523814625085034 1240.6169802415222 96.20043054144975 1307.64179188607 137.31861647571031 6.024169377774777 296.8263738279468 0.0024071026773125432 0.009816985846451123 None 2427.787241735701 127 0 0 True 0 1027953800.0 1510405400.0 1530569 2261853 -0.3139623638182301 -1.1395528855242378 -0.29296246856625596 0.9005735725058936 0.41249975920941007 0.8118282622618513 0.4111583825315907 0.6807693335925231
860.0 660.0327306936526 0.546022793903058 0.32338911492605393 0.339248472863078 99.92086112446037 36.213255940346066 1240.6169802415222 149.8363789223506 1307.64179188607 213.87929599320594 6.1533643818350345 306.7591131832128 0.0014850959828224804 0.010160532478182858 None 2485.247699834831 127 0 0 True 0 1051968060.0 1545391000.0 1566888 2314722 -0.5045076218391603 -2.0311511036972947 -0.43946414455897953 1.2996794199486268 0.6682039929400199 1.423089734198763 0.6647500149119062 1.0234705696974118
870.0 660.1140863044809 0.5534809457449735 0.32338911492605393 0.041234097173119634 99.92086112446037 4.401552011481799 1240.6169802415222 18.423631091603852 1307.64179188607 26.29831846871878 6.237413484566281 314.5648369212239 0.012531412763227018 None None 2543.3801567747073 127 0 0 True 0 1076247800.0 1581037600.0 1603635 2368562 -0.054746599763779824 -0.23226823646540068 -0.047546848758036456 0.15721552680883497 0.07805924096591024 0.16390517323268855 0.07770438292288737 0.12302367591311328
880.0 660.1695263382011 0.5670921592323565 0.32338911492605393 0.0355343821923025 99.92086112446037 3.7931359712973722 1240.6169802415222 16.059500406403572 1307.64179188607 22.92364424372717 6.390804070457619 326.005223831259 0.014986434883234407 None None 2602.184658151872 127 0 0 True 0 1100802000.0 1617283200.0 1640788 2423350 -0.043238839750944516 -0.19089509951972083 -0.03488812251007059 0.12664144815227876 0.06540193981049366 0.13552530302122992 0.06467769862204154 0.10090064760771777
890.0 660.2637793297432 0.5898575722819205 0.32338911492605393 0.03651791665307147 99.92086112446037 3.898122081489485 1240.6169802415222 16.691547793512868 1307.64179188607 23.825844472506674 6.647357246187899 342.94574209929766 0.01624238095677947 None None 2661.6613075163737 127 0 0 True 0 1125617700.0 1654018300.0 1678346 2478927 -0.0360637639949833 -0.17048956427537337 -0.02815803420053125 0.11849511197672126 0.06106409406515898 0.12262722607936782 0.06040181873407246 0.09491632599956291
